0 0.336099 0.445869 0.042735 0.039886
0 0.457894 0.466524 0.059829 0.032764
0 0.594646 0.449430 0.085470 0.038462
0 0.565800 0.582621 0.057692 0.022792
0 0.479261 0.561966 0.051282 0.027066
0 0.441868 0.540598 0.053419 0.021368
0 0.438663 0.511396 0.047009 0.031339
0 0.370287 0.525641 0.034188 0.017094
0 0.371355 0.548433 0.036325 0.014245
0 0.347851 0.591168 0.061966 0.025641
0 0.339304 0.618234 0.019231 0.017094
0 0.425842 0.644587 0.094017 0.058405
0 0.437595 0.698006 0.079060 0.051282
0 0.550842 0.700855 0.070513 0.019943
0 0.500629 0.672365 0.081197 0.028490
0 0.515586 0.629630 0.064103 0.017094
0 0.649133 0.727920 0.083333 0.048433
0 0.750629 0.448718 0.059829 0.056980
0 0.683321 0.383903 0.053419 0.058405
0 0.578620 0.373932 0.027778 0.038462
0 0.613877 0.400997 0.047009 0.044160
0 0.792295 0.334758 0.023504 0.025641
0 0.536954 0.272080 0.064103 0.048433