0 0.340372 0.450855 0.068376 0.035613
0 0.451483 0.464387 0.072650 0.037037
0 0.560458 0.444444 0.081197 0.034188
0 0.440800 0.508547 0.059829 0.025641
0 0.762381 0.456553 0.096154 0.069801
0 0.799774 0.334046 0.068376 0.084046
0 0.692936 0.383903 0.038462 0.075499
0 0.618150 0.392450 0.042735 0.049858
0 0.566868 0.370370 0.072650 0.051282
0 0.535885 0.245726 0.061966 0.058405
0 0.374560 0.525641 0.051282 0.031339
0 0.387381 0.550570 0.064103 0.018519
0 0.345714 0.581909 0.083333 0.032764
0 0.533748 0.685185 0.463675 0.156695
0 0.482466 0.554131 0.091880 0.071225
0 0.577552 0.573362 0.081197 0.044160